0 0.165234375 0.24375000000000002 0.021093750000000022 0.03472222222222224
0 0.135546875 0.2652777777777778 0.01835937500000001 0.029861111111111116
0 0.1296875 0.25555555555555554 0.013281250000000008 0.018055555555555575
0 0.174609375 0.17916666666666667 0.02031250000000001 0.029861111111111116
0 0.14921875 0.10138888888888889 0.02265624999999999 0.03541666666666665
0 0.1734375 0.08125 0.01874999999999999 0.027777777777777762
0 0.0484375 0.11388888888888889 0.010156250000000006 0.018055555555555547
0 0.146484375 0.41180555555555554 0.013671875 0.02430555555555558
0 0.512109375 0.11875 0.024218749999999956 0.04791666666666666
0 0.506640625 0.39444444444444443 0.013281250000000022 0.04097222222222219
0 0.50390625 0.42916666666666664 0.007421874999999911 0.033333333333333326
0 0.1015625 0.71875 0.016015625000000006 0.027083333333333348
0 0.574609375 0.601388888888889 0.01171875 0.022222222222222254
