0 0.165234375 0.24375000000000002 0.021093750000000022 0.03472222222222224
0 0.135546875 0.2652777777777778 0.01835937500000001 0.029861111111111116
0 0.1296875 0.25555555555555554 0.013281250000000008 0.018055555555555575
0 0.174609375 0.17916666666666667 0.02031250000000001 0.029861111111111116
0 0.14921875 0.10138888888888889 0.02265624999999999 0.03541666666666665
0 0.1734375 0.08125 0.01874999999999999 0.027777777777777762
0 0.0484375 0.11388888888888889 0.010156250000000006 0.018055555555555547
0 0.146484375 0.41180555555555554 0.013671875 0.02430555555555558
0 0.574609375 0.10138888888888889 0.01171875 0.022222222222222227
0 0.1015625 0.71875 0.016015625000000006 0.027083333333333348
0 0.6421874999999999 0.8215277777777779 0.014062499999999978 0.029166666666666674
0 0.6546875000000001 0.8756944444444444 0.019921874999999978 0.039583333333333304
0 0.608984375 0.9222222222222223 0.014843750000000044 0.025694444444444464
0 0.766796875 0.5930555555555556 0.010156249999999978 0.026388888888888795
