0 0.1015625 0.21875 0.016015625000000006 0.027083333333333348
0 0.665234375 0.24375000000000002 0.021093750000000022 0.03472222222222224
0 0.635546875 0.2652777777777778 0.018359375000000067 0.029861111111111116
0 0.6296875 0.25555555555555554 0.013281250000000022 0.018055555555555575
0 0.674609375 0.17916666666666667 0.020312500000000067 0.029861111111111116
0 0.64921875 0.10138888888888889 0.022656249999999933 0.03541666666666665
0 0.6734375 0.08125 0.018750000000000044 0.027777777777777762
0 0.5484374999999999 0.11388888888888889 0.010156249999999978 0.018055555555555547
0 0.646484375 0.41180555555555554 0.013671875 0.02430555555555558
0 0.074609375 0.601388888888889 0.01171875 0.022222222222222254
0 0.512109375 0.6187499999999999 0.024218749999999956 0.04791666666666672
0 0.506640625 0.8944444444444445 0.013281250000000022 0.04097222222222219
0 0.50390625 0.9291666666666667 0.007421874999999911 0.033333333333333326
