0 0.1421875 0.3215277777777778 0.014062499999999978 0.029166666666666674
0 0.1546875 0.37569444444444444 0.019921874999999978 0.039583333333333304
0 0.108984375 0.4222222222222222 0.014843749999999989 0.025694444444444464
0 0.266796875 0.09305555555555556 0.010156249999999978 0.02638888888888888
0 0.512109375 0.11875 0.024218749999999956 0.04791666666666666
0 0.506640625 0.39444444444444443 0.013281250000000022 0.04097222222222219
0 0.50390625 0.42916666666666664 0.007421874999999911 0.033333333333333326
0 0.165234375 0.7437499999999999 0.021093750000000022 0.03472222222222221
0 0.135546875 0.7652777777777778 0.01835937500000001 0.029861111111111116
0 0.1296875 0.7555555555555555 0.013281250000000008 0.018055555555555602
0 0.174609375 0.6791666666666667 0.02031250000000001 0.029861111111111116
0 0.14921875 0.6013888888888889 0.02265624999999999 0.03541666666666665
0 0.1734375 0.58125 0.01874999999999999 0.02777777777777779
0 0.0484375 0.6138888888888889 0.010156250000000006 0.018055555555555602
0 0.146484375 0.9118055555555555 0.013671875 0.02430555555555558
0 0.574609375 0.601388888888889 0.01171875 0.022222222222222254
