0 0.074609375 0.10138888888888889 0.01171875 0.022222222222222227
0 0.6421874999999999 0.3215277777777778 0.014062499999999978 0.029166666666666674
0 0.6546875000000001 0.37569444444444444 0.019921874999999978 0.039583333333333304
0 0.608984375 0.4222222222222222 0.014843750000000044 0.025694444444444464
0 0.766796875 0.09305555555555556 0.010156249999999978 0.02638888888888888
0 0.1015625 0.71875 0.016015625000000006 0.027083333333333348
0 0.665234375 0.7437499999999999 0.021093750000000022 0.03472222222222221
0 0.635546875 0.7652777777777778 0.018359375000000067 0.029861111111111116
0 0.6296875 0.7555555555555555 0.013281250000000022 0.018055555555555602
0 0.674609375 0.6791666666666667 0.020312500000000067 0.029861111111111116
0 0.64921875 0.6013888888888889 0.022656249999999933 0.03541666666666665
0 0.6734375 0.58125 0.018750000000000044 0.02777777777777779
0 0.5484374999999999 0.6138888888888889 0.010156249999999978 0.018055555555555602
0 0.646484375 0.9118055555555555 0.013671875 0.02430555555555558
